Time 1000
0.02 45.01750000000208
0.04 30.738200000000603
0.06 20.929300000000158
0.08 18.677099999999967
0.1 17.12300000000032
0.12 11.99120000000008
0.14 10.875600000000015
0.16 9.663999999999957
0.18 9.956999999999994
0.2 9.389800000000028
0.22 7.758899999999906
0.24 7.946899999999959
0.26 6.2249999999999535
0.28 6.206099999999956
0.3 5.445999999999928
0.32 5.271799999999951
0.34 4.854899999999943
0.36 5.153599999999948
0.38 4.048399999999955
0.4 4.24969999999995
0.42 4.502899999999946
0.44 4.375199999999948
0.46 4.145299999999959
0.48 3.72399999999996
0.5 4.581699999999945
0.52 3.3246999999999685
0.54 3.3861999999999672
0.56 3.8796999999999575
0.58 3.5548999999999635
0.6 3.0917999999999735
0.62 2.4962999999999838
0.64 2.9566999999999735
0.66 2.62819999999998
0.68 3.0448999999999717
0.7000000000000001 2.8228999999999784
0.72 2.9050999999999747
0.74 2.899399999999975
0.76 2.6789999999999794
0.78 3.005499999999971
0.8 2.1884999999999866
0.8200000000000001 2.2475999999999865
0.84 2.6100999999999805
0.86 2.5001999999999813
0.88 2.2022999999999873
0.9 2.246499999999986
0.92 2.514999999999981
0.9400000000000001 2.54259999999998
0.96 2.00569999999999
0.98 2.53129999999998
1.0 2.4075999999999786
1.02 1.0100000000000018
1.04 1.0100000000000018
1.06 1.0100000000000018
1.08 1.0100000000000018
1.1 1.0100000000000018
1.12 1.0100000000000018
1.1400000000000001 1.0100000000000018
1.16 1.0100000000000018
1.18 1.0100000000000018
1.2 1.0100000000000018
1.22 1.0100000000000018
1.24 1.0100000000000018
1.26 1.0100000000000018
1.28 1.0100000000000018
1.3 1.0100000000000018
1.32 1.0100000000000018
1.34 1.0100000000000018
1.36 1.0100000000000018
1.3800000000000001 1.0100000000000018
1.4000000000000001 1.0100000000000018
1.42 1.0100000000000018
1.44 1.0100000000000018
1.46 1.0100000000000018
1.48 1.0100000000000018
1.5 1.0100000000000018
