Time 5000 117
0.04 40.06594111999995
0.05 32.25440039999996
0.06 27.034545000000012
0.06999999999999999 23.417834300000038
0.07999999999999999 20.79180847999991
0.09 18.35786970000001
0.09999999999999999 16.437170400000035
0.10999999999999999 15.319338540000006
0.12 14.007868320000028
0.13 12.952116320000025
0.13999999999999999 12.302373160000021
0.15 11.34456059999999
0.15999999999999998 10.672920639999965
0.16999999999999998 10.116151239999974
0.18 9.550159919999972
0.19 9.090127440000007
0.19999999999999998 8.72517559999996
0.21 8.338718640000002
0.22 8.01519487999998
0.23 7.518768080000028
0.24 7.323920160000018
0.25 7.116656500000001
0.26 6.912550840000003
0.27 6.563491019999995
0.27999999999999997 6.483971200000005
0.29 6.286247060000002
0.29999999999999993 6.1012032000000005
0.30999999999999994 5.886418879999994
0.31999999999999995 5.6415315200000045
0.32999999999999996 5.417085299999994
0.33999999999999997 5.392438079999998
0.35 5.302454500000001
0.35999999999999993 5.1712012799999725
0.36999999999999994 5.016277959999999
0.37999999999999995 4.909848520000012
0.38999999999999996 4.739998380000005
0.39999999999999997 4.606700799999988
0.4099999999999999 4.542403939999984
0.42 4.444896120000028
0.42999999999999994 4.2821945600000015
0.43999999999999995 4.27611535999999
0.44999999999999996 4.242483900000012
0.45999999999999996 4.002177560000005
0.4699999999999999 3.9710929800000105
0.48 3.929832959999986
0.48999999999999994 3.894539600000003
0.5 3.8351520000000057
0.51 3.795878999999998
0.5199999999999999 3.6243542400000006
0.53 3.653529559999997
0.5399999999999999 3.5418513599999986
0.55 3.4484065000000004
0.5599999999999999 3.3844171199999975
0.5700000000000001 3.2846158799999894
0.58 3.262766800000005
0.59 3.2174587999999975
0.6 3.189475199999999
0.61 3.073678979999991
0.62 3.028113479999993
0.63 3.0042608400000086
0.64 2.996084479999997
0.6499999999999999 2.9211494000000005
0.66 2.8907894400000025
0.67 2.8904027800000067
0.6799999999999999 2.8210575199999988
0.69 2.8178151000000105
0.7 2.768256400000013
0.7100000000000001 2.7341389999999977
0.72 2.7348364800000082
0.73 2.7200924200000056
0.74 2.6574154800000054
0.75 2.677906500000008
0.76 2.6129377600000034
0.77 2.585407440000024
0.7799999999999999 2.5772853599999985
0.79 2.5700042999999964
0.8 2.5839391999999943
0.8099999999999999 2.538365040000006
0.82 2.5291948799999955
0.8300000000000001 2.5339070000000077
0.84 2.5012595999999836
0.85 2.484424200000007
0.86 2.4382977999999973
0.8699999999999999 2.45243778
0.88 2.435218719999992
0.89 2.378065760000002
0.8999999999999999 2.3937821999999893
0.9099999999999999 2.3743956600000065
0.92 2.3707167200000048
0.9299999999999999 2.3427667199999926
0.94 2.3432865199999977
0.95 2.320209699999979
0.9600000000000001 2.2895865600000076
0.97 2.3235477000000198
0.98 2.273066880000013
0.99 2.2555090800000137
0.9999999999999999 2.2347879999999942
1.01 0.9998999999998894
1.02 0.9996000000000775
1.0299999999999998 0.9990999999999988
1.0399999999999998 0.9984000000000344
1.05 0.9975000000000326
1.06 0.9963999999999944
1.0699999999999998 0.9951000000000707
1.0799999999999998 0.9935999999998801
1.09 0.9918999999999872
1.1 0.9899999999998755
1.1099999999999999 0.9989999999998881
1.1199999999999999 0.9967999999999169
1.1300000000000001 0.9943999999999565
1.14 0.9917999999998781
1.15 0.9889999999999501
1.16 0.9975999999999918
1.17 0.9944999999998816
1.18 0.991200000000032
1.19 0.9996000000000775
1.2 0.9960000000000724
